extent_alloc 1726601 38176647 944885 31773871
abt 0 0 0 0
blk_map 393902367 7761979 2555648 1699382 1040849 3598283823 0
bmbt 0 0 0 0
dir 30518354 2428919 1414219 2162630441
trans 25708 29909898 113
ig 9250916 3338149 2 5912767 0 5398322 5227820
log 764215 12192392 13499 1266016 204401
push_ail 29951673 0 245072255 4777632 0 1248532 747 3690337 0 352310
xstrat 1657984 0
rw 8475814 135590573
attr 204759250 52429 12805 39294
icluster 3479145 514072 3741642
vnodes 514445 0 0 0 5561966 5561966 5561966 0
buf 383364076 335979 383028102 3270094 3097831 335976 0 1032403 240806
abtb2 2717033 10986604 160887 159302 39 39 851 382 454 338 39 39 78 78 23831802
abtc2 5176771 19432864 2588490 2586937 71 71 1392 104 1293 66 71 71 142 142 115943028
bmbt2 34161 253892 176 160 0 0 0 0 0 0 0 0 0 0 318
ibt2 3561677 35662693 29259 13278 16 0 2792 494 10546 1109 103 33 119 33 4589837
fibt2 4673472 9494523 108878 108703 0 0 0 0 0 0 0 0 0 0 2060247
rmapbt 0 0 0 0 0 0 0 0 0 0 0 0 0 0 0
refcntbt 0 0 0 0 0 0 0 0 0 0 0 0 0 0 0
qm 409 0 0 544 24753235 1 135 68 0
xpc 154886778880 60166177016 333883018917
debug 0
